[09:05:59.867] 1 1
[09:06:00.000] 1 2
[09:15:00.841] 2 1 09:30:00.000
[09:15:30.841] 2 2 09:30:30.000
[09:29:45.734] 3 1
[09:30:15.734] 3 2
[09:30:01.005] 4 1
[09:30:31.005] 4 2
[09:49:31.659] 5 1 1
[09:49:33.123] 6 1 1
[09:49:34.650] 6 1 2
[09:49:35.937] 6 1 4
[09:49:37.364] 6 1 5
[09:49:38.339] 7 1
[09:50:31.659] 5 2 1
[09:50:33.123] 6 2 1
[09:50:34.650] 6 2 2
[09:50:35.937] 6 2 3
[09:50:37.364] 6 2 4
[09:50:37.364] 6 2 5
[09:50:38.339] 7 2
[09:58:30.000] 10 2
[09:49:55.915] 8 1
[09:51:48.391] 9 1
[09:59:03.872] 10 1
[10:28:30.000] 5 1 1
[10:28:33.123] 6 1 1
[10:28:34.650] 6 1 2
[10:28:35.937] 6 1 4
[10:28:37.364] 6 1 5
[10:28:38.339] 7 1
[10:29:30.000] 5 2 1
[10:29:33.123] 6 2 1
[10:29:34.650] 6 2 2
[10:29:35.937] 6 2 3
[10:29:37.364] 6 2 4
[10:29:37.364] 6 2 5
[10:29:38.339] 7 2
[10:58:30.000] 10 2
[10:59:03.872] 10 1